Bộ trọng số ban đầu: 
A1 = [[0. 0. 0.]
 [0. 2. 0.]
 [0. 0. 0.]]
A21 = [[0. 0. 0.]
 [0. 2. 0.]
 [0. 0. 0.]]
A22 = [[0. 0. 0.]
 [0. 2. 0.]
 [0. 0. 0.]]
A23 = [[0. 0. 0.]
 [0. 2. 0.]
 [0. 0. 0.]]
A24 = [[0. 0. 0.]
 [0. 2. 0.]
 [0. 0. 0.]]
A25 = [[0. 0. 0.]
 [0. 2. 0.]
 [0. 0. 0.]]
A26 = [[0. 0. 0.]
 [0. 2. 0.]
 [0. 0. 0.]]
A27 = [[0. 0. 0.]
 [0. 2. 0.]
 [0. 0. 0.]]
A28 = [[0. 0. 0.]
 [0. 2. 0.]
 [0. 0. 0.]]
A29 = [[0. 0. 0.]
 [0. 2. 0.]
 [0. 0. 0.]]
B1 = [[0. 0. 0.]
 [0. 0. 0.]
 [0. 0. 0.]]
B21 = [[0. 0. 0.]
 [0. 0. 0.]
 [0. 0. 0.]]
B22 = [[0. 0. 0.]
 [0. 0. 0.]
 [0. 0. 0.]]
B23 = [[0. 0. 0.]
 [0. 0. 0.]
 [0. 0. 0.]]
B24 = [[0. 0. 0.]
 [0. 0. 0.]
 [0. 0. 0.]]
B25 = [[0. 0. 0.]
 [0. 0. 0.]
 [0. 0. 0.]]
B26 = [[0. 0. 0.]
 [0. 0. 0.]
 [0. 0. 0.]]
B27 = [[0. 0. 0.]
 [0. 0. 0.]
 [0. 0. 0.]]
B28 = [[0. 0. 0.]
 [0. 0. 0.]
 [0. 0. 0.]]
B29 = [[0. 0. 0.]
 [0. 0. 0.]
 [0. 0. 0.]]
I = 1.0
Tổng sai số ban đầu: 104.0
Lần chạy thứ 1
A1 = [[-0.01150646 -0.01450476  0.01776992]
 [-0.01184601  1.95634051 -0.01184601]
 [ 0.01776992 -0.01450476 -0.01150646]]
A21 = [[0. 0. 0.]
 [0. 2. 0.]
 [0. 0. 0.]]
A22 = [[0. 0. 0.]
 [0. 2. 0.]
 [0. 0. 0.]]
A23 = [[0. 0. 0.]
 [0. 2. 0.]
 [0. 0. 0.]]
A24 = [[0. 0. 0.]
 [0. 2. 0.]
 [0. 0. 0.]]
A25 = [[-0.00942795 -0.00501885  0.00785971]
 [-0.01190001  2.00132166 -0.01190001]
 [ 0.00785971 -0.00501885 -0.00942795]]
A26 = [[-0.00942795 -0.00501885  0.00785971]
 [-0.01190001  2.00132166 -0.01190001]
 [ 0.00785971 -0.00501885 -0.00942795]]
A27 = [[0. 0. 0.]
 [0. 2. 0.]
 [0. 0. 0.]]
A28 = [[ 1.01642930e-02 -1.72506744e-03  4.37740897e-04]
 [-1.61380525e-03  2.02030778e+00 -1.61380525e-03]
 [ 4.37740897e-04 -1.72506744e-03  1.01642930e-02]]
A29 = [[ 0.00965774 -0.00261835 -0.01619491]
 [ 0.01077202  2.02274536  0.01077202]
 [-0.01619491 -0.00261835  0.00965774]]
B1 = [[-0.05335609 -0.05459066 -0.05667752]
 [-0.05204509 -0.02262658 -0.05204509]
 [-0.05667752 -0.05459066 -0.05335609]]
B21 = [[0. 0. 0.]
 [0. 0. 0.]
 [0. 0. 0.]]
B22 = [[0. 0. 0.]
 [0. 0. 0.]
 [0. 0. 0.]]
B23 = [[0. 0. 0.]
 [0. 0. 0.]
 [0. 0. 0.]]
B24 = [[0. 0. 0.]
 [0. 0. 0.]
 [0. 0. 0.]]
B25 = [[-0.01910584 -0.01787128 -0.00375226]
 [-0.01038744 -0.01360439 -0.01038744]
 [-0.00375226 -0.01787128 -0.01910584]]
B26 = [[-0.01910584 -0.01787128 -0.00375226]
 [-0.01038744 -0.01360439 -0.01038744]
 [-0.00375226 -0.01787128 -0.01910584]]
B27 = [[0. 0. 0.]
 [0. 0. 0.]
 [0. 0. 0.]]
B28 = [[0.01886641 0.02010098 0.03422   ]
 [0.02758482 0.00538174 0.02758482]
 [0.03422    0.02010098 0.01886641]]
B29 = [[0.01886641 0.02010098 0.03422   ]
 [0.02758482 0.00538174 0.02758482]
 [0.03422    0.02010098 0.01886641]]
I = 1.0256800127818266
Sai số: [12.0, 12.0, 16.0, 26.0, 38.0]. Tổng sai số: 104.0
Lần chạy thứ 2
A1 = [[-0.01948686 -0.0223994   0.03987979]
 [-0.01886664  1.91104881 -0.01886664]
 [ 0.03987979 -0.0223994  -0.01948686]]
A21 = [[0. 0. 0.]
 [0. 2. 0.]
 [0. 0. 0.]]
A22 = [[0. 0. 0.]
 [0. 2. 0.]
 [0. 0. 0.]]
A23 = [[0. 0. 0.]
 [0. 2. 0.]
 [0. 0. 0.]]
A24 = [[0. 0. 0.]
 [0. 2. 0.]
 [0. 0. 0.]]
A25 = [[-0.02207215 -0.01695764  0.00384617]
 [-0.02628621  2.00019903 -0.02628621]
 [ 0.00384617 -0.01695764 -0.02207215]]
A26 = [[-0.02207215 -0.01695764  0.00384617]
 [-0.02628621  2.00019903 -0.02628621]
 [ 0.00384617 -0.01695764 -0.02207215]]
A27 = [[0. 0. 0.]
 [0. 2. 0.]
 [0. 0. 0.]]
A28 = [[ 0.01680252 -0.01006025 -0.0113076 ]
 [-0.00805299  2.0383262  -0.00805299]
 [-0.0113076  -0.01006025  0.01680252]]
A29 = [[ 0.02469103 -0.0029452  -0.02532488]
 [ 0.02187092  2.05024922  0.02187092]
 [-0.02532488 -0.0029452   0.02469103]]
B1 = [[-0.10235131 -0.10358588 -0.11291574]
 [-0.09972932 -0.04049465 -0.09972932]
 [-0.11291574 -0.10358588 -0.10235131]]
B21 = [[0. 0. 0.]
 [0. 0. 0.]
 [0. 0. 0.]]
B22 = [[0. 0. 0.]
 [0. 0. 0.]
 [0. 0. 0.]]
B23 = [[0. 0. 0.]
 [0. 0. 0.]
 [0. 0. 0.]]
B24 = [[0. 0. 0.]
 [0. 0. 0.]
 [0. 0. 0.]]
B25 = [[-0.04288239 -0.04164782 -0.01609679]
 [-0.02544557 -0.02820063 -0.02544557]
 [-0.01609679 -0.04164782 -0.04288239]]
B26 = [[-0.04288239 -0.04164782 -0.01609679]
 [-0.02544557 -0.02820063 -0.02544557]
 [-0.01609679 -0.04164782 -0.04288239]]
B27 = [[0. 0. 0.]
 [0. 0. 0.]
 [0. 0. 0.]]
B28 = [[0.03337196 0.03460652 0.06015755]
 [0.05080877 0.00992654 0.05080877]
 [0.06015755 0.03460652 0.03337196]]
B29 = [[0.03337196 0.03460652 0.06015755]
 [0.05080877 0.00992654 0.05080877]
 [0.06015755 0.03460652 0.03337196]]
I = 1.046601520792163
Sai số: [12.0, 12.0, 16.0, 26.0, 34.0]. Tổng sai số: 100.0
Lần chạy thứ 3
A1 = [[-0.02083143 -0.02744283  0.0708184 ]
 [-0.01858524  1.86800233 -0.01858524]
 [ 0.0708184  -0.02744283 -0.02083143]]
A21 = [[0. 0. 0.]
 [0. 2. 0.]
 [0. 0. 0.]]
A22 = [[0. 0. 0.]
 [0. 2. 0.]
 [0. 0. 0.]]
A23 = [[0. 0. 0.]
 [0. 2. 0.]
 [0. 0. 0.]]
A24 = [[0. 0. 0.]
 [0. 2. 0.]
 [0. 0. 0.]]
A25 = [[-3.11339551e-02 -2.90986398e-02  1.45416691e-03]
 [-3.08671257e-02  2.00006998e+00 -3.08671257e-02]
 [ 1.45416691e-03 -2.90986398e-02 -3.11339551e-02]]
A26 = [[-3.11339551e-02 -2.90986398e-02  1.45416691e-03]
 [-3.08671257e-02  2.00006998e+00 -3.08671257e-02]
 [ 1.45416691e-03 -2.90986398e-02 -3.11339551e-02]]
A27 = [[0. 0. 0.]
 [0. 2. 0.]
 [0. 0. 0.]]
A28 = [[ 0.01704676 -0.02124666 -0.03548529]
 [-0.01874077  2.05422032 -0.01874077]
 [-0.03548529 -0.02124666  0.01704676]]
A29 = [[ 0.03614194 -0.00306984 -0.03607639]
 [ 0.02316454  2.07675951  0.02316454]
 [-0.03607639 -0.00306984  0.03614194]]
B1 = [[-0.14685611 -0.14809068 -0.16466354]
 [-0.14331911 -0.05611751 -0.14331911]
 [-0.16466354 -0.14809068 -0.14685611]]
B21 = [[0. 0. 0.]
 [0. 0. 0.]
 [0. 0. 0.]]
B22 = [[0. 0. 0.]
 [0. 0. 0.]
 [0. 0. 0.]]
B23 = [[0. 0. 0.]
 [0. 0. 0.]
 [0. 0. 0.]]
B24 = [[0. 0. 0.]
 [0. 0. 0.]
 [0. 0. 0.]]
B25 = [[-0.06467177 -0.0634372  -0.02645416]
 [-0.03891255 -0.04180329 -0.03891255]
 [-0.02645416 -0.0634372  -0.06467177]]
B26 = [[-0.06467177 -0.0634372  -0.02645416]
 [-0.03891255 -0.04180329 -0.03891255]
 [-0.02645416 -0.0634372  -0.06467177]]
B27 = [[0. 0. 0.]
 [0. 0. 0.]
 [0. 0. 0.]]
B28 = [[0.0436289  0.04486347 0.08184651]
 [0.06938812 0.01234704 0.06938812]
 [0.08184651 0.04486347 0.0436289 ]]
B29 = [[0.0436289  0.04486347 0.08184651]
 [0.06938812 0.01234704 0.06938812]
 [0.08184651 0.04486347 0.0436289 ]]
I = 1.0652778155618865
Sai số: [12.0, 12.0, 20.0, 20.0, 32.0]. Tổng sai số: 96.0
Lần chạy thứ 4
A1 = [[-0.02314338 -0.02686585  0.10312924]
 [-0.01431735  1.82788643 -0.01431735]
 [ 0.10312924 -0.02686585 -0.02314338]]
A21 = [[0. 0. 0.]
 [0. 2. 0.]
 [0. 0. 0.]]
A22 = [[0. 0. 0.]
 [0. 2. 0.]
 [0. 0. 0.]]
A23 = [[0. 0. 0.]
 [0. 2. 0.]
 [0. 0. 0.]]
A24 = [[0. 0. 0.]
 [0. 2. 0.]
 [0. 0. 0.]]
A25 = [[-0.03851413 -0.04132169 -0.00464924]
 [-0.03974435  1.99845503 -0.03974435]
 [-0.00464924 -0.04132169 -0.03851413]]
A26 = [[-0.03851413 -0.04132169 -0.00464924]
 [-0.03974435  1.99845503 -0.03974435]
 [-0.00464924 -0.04132169 -0.03851413]]
A27 = [[0. 0. 0.]
 [0. 2. 0.]
 [0. 0. 0.]]
A28 = [[ 0.01825837 -0.03805347 -0.06103521]
 [-0.03341505  2.06718386 -0.03341505]
 [-0.06103521 -0.03805347  0.01825837]]
A29 = [[ 0.04591121 -0.00311243 -0.0487503 ]
 [ 0.02312066  2.1019388   0.02312066]
 [-0.0487503  -0.00311243  0.04591121]]
B1 = [[-0.18831664 -0.18955121 -0.21055017]
 [-0.18386464 -0.07162669 -0.18386464]
 [-0.21055017 -0.18955121 -0.18831664]]
B21 = [[0. 0. 0.]
 [0. 0. 0.]
 [0. 0. 0.]]
B22 = [[0. 0. 0.]
 [0. 0. 0.]
 [0. 0. 0.]]
B23 = [[0. 0. 0.]
 [0. 0. 0.]
 [0. 0. 0.]]
B24 = [[0. 0. 0.]
 [0. 0. 0.]
 [0. 0. 0.]]
B25 = [[-0.08661607 -0.0853815  -0.03978334]
 [-0.05253444 -0.05407496 -0.05253444]
 [-0.03978334 -0.0853815  -0.08661607]]
B26 = [[-0.08661607 -0.0853815  -0.03978334]
 [-0.05253444 -0.05407496 -0.05253444]
 [-0.03978334 -0.0853815  -0.08661607]]
B27 = [[0. 0. 0.]
 [0. 0. 0.]
 [0. 0. 0.]]
B28 = [[0.05084159 0.05207616 0.09767431]
 [0.08492322 0.01465387 0.08492322]
 [0.09767431 0.05207616 0.05084159]]
B29 = [[0.05084159 0.05207616 0.09767431]
 [0.08492322 0.01465387 0.08492322]
 [0.09767431 0.05207616 0.05084159]]
I = 1.083840429814019
Sai số: [12.0, 12.0, 20.0, 16.0, 28.0]. Tổng sai số: 88.0
Lần chạy thứ 5
A1 = [[-0.02105633 -0.03170744  0.11663872]
 [-0.01524814  1.78876149 -0.01524814]
 [ 0.11663872 -0.03170744 -0.02105633]]
A21 = [[0. 0. 0.]
 [0. 2. 0.]
 [0. 0. 0.]]
A22 = [[0. 0. 0.]
 [0. 2. 0.]
 [0. 0. 0.]]
A23 = [[0. 0. 0.]
 [0. 2. 0.]
 [0. 0. 0.]]
A24 = [[0. 0. 0.]
 [0. 2. 0.]
 [0. 0. 0.]]
A25 = [[-3.74531448e-02 -4.62932308e-02  1.43410239e-03]
 [-5.21093019e-02  1.99232681e+00 -5.21093019e-02]
 [ 1.43410239e-03 -4.62932308e-02 -3.74531448e-02]]
A26 = [[-3.74531448e-02 -4.62932308e-02  1.43410239e-03]
 [-5.21093019e-02  1.99232681e+00 -5.21093019e-02]
 [ 1.43410239e-03 -4.62932308e-02 -3.74531448e-02]]
A27 = [[0. 0. 0.]
 [0. 2. 0.]
 [0. 0. 0.]]
A28 = [[ 0.02227819 -0.04944171 -0.06497216]
 [-0.04649425  2.07695863 -0.04649425]
 [-0.06497216 -0.04944171  0.02227819]]
A29 = [[ 0.05199574  0.0068473  -0.0546725 ]
 [ 0.03204315  2.13327424  0.03204315]
 [-0.0546725   0.0068473   0.05199574]]
B1 = [[-0.22484192 -0.22911286 -0.25150154]
 [-0.22240744 -0.08528552 -0.22240744]
 [-0.25150154 -0.22911286 -0.22484192]]
B21 = [[0. 0. 0.]
 [0. 0. 0.]
 [0. 0. 0.]]
B22 = [[0. 0. 0.]
 [0. 0. 0.]
 [0. 0. 0.]]
B23 = [[0. 0. 0.]
 [0. 0. 0.]
 [0. 0. 0.]]
B24 = [[0. 0. 0.]
 [0. 0. 0.]
 [0. 0. 0.]]
B25 = [[-0.10722615 -0.10655882 -0.05177831]
 [-0.06775463 -0.06506223 -0.06775463]
 [-0.05177831 -0.10655882 -0.10722615]]
B26 = [[-0.10722615 -0.10655882 -0.05177831]
 [-0.06775463 -0.06506223 -0.06775463]
 [-0.05177831 -0.10655882 -0.10722615]]
B27 = [[0. 0. 0.]
 [0. 0. 0.]
 [0. 0. 0.]]
B28 = [[0.05593062 0.05659795 0.11137846]
 [0.09845557 0.01651615 0.09845557]
 [0.11137846 0.05659795 0.05593062]]
B29 = [[0.05593062 0.05659795 0.11137846]
 [0.09845557 0.01651615 0.09845557]
 [0.11137846 0.05659795 0.05593062]]
I = 1.100552700476482
Sai số: [12.0, 12.0, 20.0, 14.0, 14.0]. Tổng sai số: 72.0
Lần chạy thứ 6
A1 = [[-0.03293474 -0.04477519  0.10922677]
 [-0.02866759  1.74964527 -0.02866759]
 [ 0.10922677 -0.04477519 -0.03293474]]
A21 = [[0. 0. 0.]
 [0. 2. 0.]
 [0. 0. 0.]]
A22 = [[0. 0. 0.]
 [0. 2. 0.]
 [0. 0. 0.]]
A23 = [[0. 0. 0.]
 [0. 2. 0.]
 [0. 0. 0.]]
A24 = [[0. 0. 0.]
 [0. 2. 0.]
 [0. 0. 0.]]
A25 = [[-0.03543695 -0.04941996 -0.00333299]
 [-0.06460268  1.98511398 -0.06460268]
 [-0.00333299 -0.04941996 -0.03543695]]
A26 = [[-0.03543695 -0.04941996 -0.00333299]
 [-0.06460268  1.98511398 -0.06460268]
 [-0.00333299 -0.04941996 -0.03543695]]
A27 = [[0. 0. 0.]
 [0. 2. 0.]
 [0. 0. 0.]]
A28 = [[ 0.03935355 -0.04483664 -0.06336648]
 [-0.04805665  2.08345512 -0.04805665]
 [-0.06336648 -0.04483664  0.03935355]]
A29 = [[ 0.06634328  0.02238419 -0.04232228]
 [ 0.04546261  2.16745219  0.04546261]
 [-0.04232228  0.02238419  0.06634328]]
B1 = [[-0.25586132 -0.26440319 -0.29025474]
 [-0.25695401 -0.09619142 -0.25695401]
 [-0.29025474 -0.26440319 -0.25586132]]
B21 = [[0. 0. 0.]
 [0. 0. 0.]
 [0. 0. 0.]]
B22 = [[0. 0. 0.]
 [0. 0. 0.]
 [0. 0. 0.]]
B23 = [[0. 0. 0.]
 [0. 0. 0.]
 [0. 0. 0.]]
B24 = [[0. 0. 0.]
 [0. 0. 0.]
 [0. 0. 0.]]
B25 = [[-0.12451702 -0.12565149 -0.06376177]
 [-0.08116527 -0.07438991 -0.08116527]
 [-0.06376177 -0.12565149 -0.12451702]]
B26 = [[-0.12451702 -0.12565149 -0.06376177]
 [-0.08116527 -0.07438991 -0.08116527]
 [-0.06376177 -0.12565149 -0.12451702]]
B27 = [[0. 0. 0.]
 [0. 0. 0.]
 [0. 0. 0.]]
B28 = [[0.05885119 0.05771672 0.11960644]
 [0.10885998 0.0172942  0.10885998]
 [0.11960644 0.05771672 0.05885119]]
B29 = [[0.05885119 0.05771672 0.11960644]
 [0.10885998 0.0172942  0.10885998]
 [0.11960644 0.05771672 0.05885119]]
I = 1.1169811679215267
Sai số: [10.0, 12.0, 20.0, 6.0, 6.0]. Tổng sai số: 54.0
Lần chạy thứ 7
A1 = [[-0.04747056 -0.07120793  0.09056152]
 [-0.05467175  1.71242992 -0.05467175]
 [ 0.09056152 -0.07120793 -0.04747056]]
A21 = [[0. 0. 0.]
 [0. 2. 0.]
 [0. 0. 0.]]
A22 = [[0. 0. 0.]
 [0. 2. 0.]
 [0. 0. 0.]]
A23 = [[0. 0. 0.]
 [0. 2. 0.]
 [0. 0. 0.]]
A24 = [[0. 0. 0.]
 [0. 2. 0.]
 [0. 0. 0.]]
A25 = [[-0.03980197 -0.05772431 -0.00505916]
 [-0.06586971  1.97668848 -0.06586971]
 [-0.00505916 -0.05772431 -0.03980197]]
A26 = [[-0.03980197 -0.05772431 -0.00505916]
 [-0.06586971  1.97668848 -0.06586971]
 [-0.00505916 -0.05772431 -0.03980197]]
A27 = [[0. 0. 0.]
 [0. 2. 0.]
 [0. 0. 0.]]
A28 = [[ 0.05849376 -0.03696314 -0.05129791]
 [-0.02832174  2.09011075 -0.02832174]
 [-0.05129791 -0.03696314  0.05849376]]
A29 = [[ 0.09075565  0.05128606 -0.01694515]
 [ 0.05842555  2.18950497  0.05842555]
 [-0.01694515  0.05128606  0.09075565]]
B1 = [[-0.28339165 -0.29660047 -0.32460799]
 [-0.28880352 -0.10590512 -0.28880352]
 [-0.32460799 -0.29660047 -0.28339165]]
B21 = [[0. 0. 0.]
 [0. 0. 0.]
 [0. 0. 0.]]
B22 = [[0. 0. 0.]
 [0. 0. 0.]
 [0. 0. 0.]]
B23 = [[0. 0. 0.]
 [0. 0. 0.]
 [0. 0. 0.]]
B24 = [[0. 0. 0.]
 [0. 0. 0.]
 [0. 0. 0.]]
B25 = [[-0.14454588 -0.14787815 -0.07757234]
 [-0.0981059  -0.0856389  -0.0981059 ]
 [-0.07757234 -0.14787815 -0.14454588]]
B26 = [[-0.14454588 -0.14787815 -0.07757234]
 [-0.0981059  -0.0856389  -0.0981059 ]
 [-0.07757234 -0.14787815 -0.14454588]]
B27 = [[0. 0. 0.]
 [0. 0. 0.]
 [0. 0. 0.]]
B28 = [[0.06177738 0.05844511 0.12875092]
 [0.11847801 0.01752273 0.11847801]
 [0.12875092 0.05844511 0.06177738]]
B29 = [[0.06177738 0.05844511 0.12875092]
 [0.11847801 0.01752273 0.11847801]
 [0.12875092 0.05844511 0.06177738]]
I = 1.1322174373982867
Sai số: [8.0, 10.0, 16.0, 6.0, 6.0]. Tổng sai số: 46.0
Lần chạy thứ 8
Đạt đến mức sai số cho phép
Bộ trọng sau khi tối ưu: 
A1 = [[-0.06963418 -0.09952789  0.06342127]
 [-0.09003262  1.67410337 -0.09003262]
 [ 0.06342127 -0.09952789 -0.06963418]]
A21 = [[0. 0. 0.]
 [0. 2. 0.]
 [0. 0. 0.]]
A22 = [[0. 0. 0.]
 [0. 2. 0.]
 [0. 0. 0.]]
A23 = [[0. 0. 0.]
 [0. 2. 0.]
 [0. 0. 0.]]
A24 = [[0. 0. 0.]
 [0. 2. 0.]
 [0. 0. 0.]]
A25 = [[-0.04112295 -0.06247258 -0.00819211]
 [-0.06011921  1.9688841  -0.06011921]
 [-0.00819211 -0.06247258 -0.04112295]]
A26 = [[-0.04112295 -0.06247258 -0.00819211]
 [-0.06011921  1.9688841  -0.06011921]
 [-0.00819211 -0.06247258 -0.04112295]]
A27 = [[0. 0. 0.]
 [0. 2. 0.]
 [0. 0. 0.]]
A28 = [[ 7.94647083e-02 -2.16640574e-02 -3.26890927e-02]
 [-1.97370645e-03  2.09678086e+00 -1.97370645e-03]
 [-3.26890927e-02 -2.16640574e-02  7.94647083e-02]]
A29 = [[0.12279581 0.08207516 0.01690698]
 [0.08074522 2.21266894 0.08074522]
 [0.01690698 0.08207516 0.12279581]]
B1 = [[-0.31314438 -0.33102013 -0.36098142]
 [-0.32287541 -0.11673001 -0.32287541]
 [-0.36098142 -0.33102013 -0.31314438]]
B21 = [[0. 0. 0.]
 [0. 0. 0.]
 [0. 0. 0.]]
B22 = [[0. 0. 0.]
 [0. 0. 0.]
 [0. 0. 0.]]
B23 = [[0. 0. 0.]
 [0. 0. 0.]
 [0. 0. 0.]]
B24 = [[0. 0. 0.]
 [0. 0. 0.]
 [0. 0. 0.]]
B25 = [[-0.16333251 -0.16886258 -0.08993847]
 [-0.11380429 -0.09626678 -0.11380429]
 [-0.08993847 -0.16886258 -0.16333251]]
B26 = [[-0.16333251 -0.16886258 -0.08993847]
 [-0.11380429 -0.09626678 -0.11380429]
 [-0.08993847 -0.16886258 -0.16333251]]
B27 = [[0. 0. 0.]
 [0. 0. 0.]
 [0. 0. 0.]]
B28 = [[0.06473251 0.05920244 0.13812656]
 [0.12812498 0.01776573 0.12812498]
 [0.13812656 0.05920244 0.06473251]]
B29 = [[0.06473251 0.05920244 0.13812656]
 [0.12812498 0.01776573 0.12812498]
 [0.13812656 0.05920244 0.06473251]]
I = 1.1485649008438201
Sai số: [8.0, 10.0, 16.0, 2.0, 4.0]. Tổng sai số: 40.0
