slts: 101
A1 = [[-0.44896178 -0.45461856 -0.3481196 ]
 [-0.41401869  1.68658036 -0.41401869]
 [-0.3481196  -0.45461856 -0.44896178]]
A21 = [[0. 0. 0.]
 [0. 2. 0.]
 [0. 0. 0.]]
A22 = [[0. 0. 0.]
 [0. 2. 0.]
 [0. 0. 0.]]
A23 = [[0. 0. 0.]
 [0. 2. 0.]
 [0. 0. 0.]]
A24 = [[0. 0. 0.]
 [0. 2. 0.]
 [0. 0. 0.]]
A25 = [[0.01063704 0.02915499 0.04231625]
 [0.03744694 2.00419145 0.03744694]
 [0.04231625 0.02915499 0.01063704]]
A26 = [[0.01063704 0.02915499 0.04231625]
 [0.03744694 2.00419145 0.03744694]
 [0.04231625 0.02915499 0.01063704]]
A27 = [[0. 0. 0.]
 [0. 2. 0.]
 [0. 0. 0.]]
A28 = [[0.32082042 0.31578169 0.31416484]
 [0.31516047 2.2037041  0.31516047]
 [0.31416484 0.31578169 0.32082042]]
A29 = [[0.25937316 0.23262809 0.32378586]
 [0.26653079 2.10025525 0.26653079]
 [0.32378586 0.23262809 0.25937316]]
B1 = [[-0.62683928 -0.62683928 -0.57190409]
 [-0.56363385 -0.31341964 -0.56363385]
 [-0.57190409 -0.62683928 -0.62683928]]
B21 = [[0. 0. 0.]
 [0. 0. 0.]
 [0. 0. 0.]]
B22 = [[0. 0. 0.]
 [0. 0. 0.]
 [0. 0. 0.]]
B23 = [[0. 0. 0.]
 [0. 0. 0.]
 [0. 0. 0.]]
B24 = [[0. 0. 0.]
 [0. 0. 0.]
 [0. 0. 0.]]
B25 = [[0.00838291 0.00838291 0.0633181 ]
 [0.07158833 0.00419145 0.07158833]
 [0.0633181  0.00838291 0.00838291]]
B26 = [[0.00838291 0.00838291 0.0633181 ]
 [0.07158833 0.00419145 0.07158833]
 [0.0633181  0.00838291 0.00838291]]
B27 = [[0. 0. 0.]
 [0. 0. 0.]
 [0. 0. 0.]]
B28 = [[0.4074082  0.4074082  0.46234339]
 [0.41031155 0.2037041  0.41031155]
 [0.46234339 0.4074082  0.4074082 ]]
B29 = [[0.4074082  0.4074082  0.46234339]
 [0.41031155 0.2037041  0.41031155]
 [0.46234339 0.4074082  0.4074082 ]]
I = 1.313419640440372
u[0] = 
[[ 1.  1.  1. -1.  1.  1. -1. -1.]
 [ 1.  1.  1. -1.  1.  1. -1. -1.]
 [ 1.  1. -1. -1. -1.  1.  1. -1.]
 [ 1.  1. -1. -1. -1.  1.  1.  1.]
 [ 1. -1. -1. -1. -1. -1.  1.  1.]
 [ 1. -1. -1. -1. -1. -1.  1.  1.]
 [-1. -1. -1. -1. -1. -1. -1.  1.]
 [-1. -1. -1. -1. -1. -1. -1.  1.]]
d[0] = 
[[ 1.  1.  1. -1.  1.  1. -1. -1.]
 [ 1.  1.  1. -1.  1.  1. -1. -1.]
 [ 1.  1. -1.  1. -1.  1.  1. -1.]
 [ 1.  1. -1.  1. -1.  1.  1.  1.]
 [ 1. -1.  1.  1.  1. -1.  1.  1.]
 [ 1. -1.  1.  1.  1. -1.  1.  1.]
 [-1.  1.  1.  1.  1.  1. -1.  1.]
 [-1. -1. -1. -1. -1. -1. -1.  1.]]
u[1] = 
[[-1. -1. -1. -1.  1.  1.  1.  1.]
 [-1. -1. -1. -1.  1. -1. -1. -1.]
 [-1. -1. -1. -1.  1. -1. -1. -1.]
 [-1. -1. -1. -1.  1. -1. -1. -1.]
 [ 1.  1.  1.  1.  1.  1.  1.  1.]
 [-1. -1. -1. -1. -1. -1. -1.  1.]
 [-1. -1. -1. -1. -1. -1. -1.  1.]
 [-1. -1. -1. -1. -1. -1. -1.  1.]]
d[1] = 
[[-1. -1. -1. -1.  1.  1.  1.  1.]
 [-1.  1.  1. -1.  1. -1. -1. -1.]
 [-1.  1.  1. -1.  1. -1.  1. -1.]
 [-1. -1. -1. -1.  1. -1. -1. -1.]
 [ 1.  1.  1.  1.  1.  1.  1.  1.]
 [-1. -1. -1. -1. -1. -1. -1.  1.]
 [-1.  1.  1.  1.  1.  1. -1.  1.]
 [-1. -1. -1. -1. -1. -1. -1.  1.]]
u[2] = 
[[ 1.  1.  1.  1.  1.  1.  1.  1.]
 [ 1.  1.  1. -1. -1. -1.  1.  1.]
 [ 1.  1. -1. -1. -1. -1.  1.  1.]
 [ 1. -1. -1. -1. -1. -1. -1.  1.]
 [ 1. -1. -1. -1. -1. -1. -1.  1.]
 [ 1. -1. -1. -1. -1. -1.  1.  1.]
 [ 1.  1.  1. -1. -1.  1.  1.  1.]
 [ 1.  1.  1.  1.  1.  1.  1.  1.]]
d[2] = 
[[ 1.  1.  1.  1.  1.  1.  1.  1.]
 [ 1.  1.  1. -1. -1. -1.  1.  1.]
 [ 1.  1. -1.  1.  1. -1.  1.  1.]
 [ 1. -1.  1.  1.  1.  1. -1.  1.]
 [ 1. -1.  1.  1.  1.  1. -1.  1.]
 [ 1. -1. -1.  1.  1. -1.  1.  1.]
 [ 1.  1.  1. -1. -1.  1.  1.  1.]
 [ 1.  1.  1.  1.  1.  1.  1.  1.]]
u[3] = 
[[ 1.  1. -1. -1. -1. -1.  1.  1.]
 [-1. -1. -1. -1. -1. -1. -1.  1.]
 [-1. -1. -1. -1. -1. -1. -1. -1.]
 [-1. -1. -1. -1. -1. -1. -1. -1.]
 [-1. -1. -1. -1. -1. -1. -1. -1.]
 [ 1. -1. -1. -1. -1. -1. -1. -1.]
 [ 1.  1. -1. -1. -1. -1. -1. -1.]
 [ 1.  1.  1.  1. -1. -1. -1. -1.]]
d[3] = 
[[ 1.  1. -1. -1. -1. -1.  1.  1.]
 [-1. -1. -1.  1.  1. -1. -1.  1.]
 [-1.  1.  1.  1.  1.  1.  1. -1.]
 [-1.  1.  1.  1.  1.  1.  1. -1.]
 [-1. -1.  1.  1.  1.  1.  1. -1.]
 [ 1. -1. -1.  1.  1.  1.  1. -1.]
 [ 1.  1. -1. -1.  1.  1.  1. -1.]
 [ 1.  1.  1.  1. -1. -1. -1. -1.]]
u[4] = 
[[-1. -1. -1. -1. -1. -1. -1. -1.]
 [-1. -1. -1. -1. -1. -1. -1. -1.]
 [-1. -1. -1. -1. -1. -1. -1. -1.]
 [-1. -1. -1. -1. -1. -1. -1. -1.]
 [-1. -1. -1. -1. -1. -1. -1. -1.]
 [-1. -1. -1. -1. -1. -1. -1. -1.]
 [-1. -1. -1. -1. -1. -1. -1. -1.]
 [-1. -1. -1. -1. -1. -1. -1.  1.]]
d[4] = 
[[-1. -1. -1. -1. -1. -1. -1. -1.]
 [-1.  1.  1.  1.  1.  1.  1. -1.]
 [-1.  1.  1.  1.  1.  1.  1. -1.]
 [-1.  1.  1.  1.  1.  1.  1. -1.]
 [-1.  1.  1.  1.  1.  1.  1. -1.]
 [-1.  1.  1.  1.  1.  1.  1. -1.]
 [-1.  1.  1.  1.  1.  1. -1. -1.]
 [-1. -1. -1. -1. -1. -1. -1.  1.]]
y = 
[[ 1.  1.  1. -1.  1.  1. -1. -1.]
 [ 1.  1.  1. -1.  1.  1. -1. -1.]
 [ 1.  1. -1. -1. -1.  1.  1. -1.]
 [ 1.  1. -1.  1. -1.  1.  1.  1.]
 [ 1. -1. -1.  1. -1. -1.  1.  1.]
 [ 1. -1.  1.  1.  1. -1.  1.  1.]
 [-1. -1.  1.  1.  1.  1. -1.  1.]
 [-1. -1. -1. -1. -1. -1. -1.  1.]]
E = 
8.0
y = 
[[-1. -1. -1. -1.  1.  1.  1.  1.]
 [-1.  1.  1. -1.  1. -1. -1. -1.]
 [-1.  1.  1. -1.  1. -1.  1. -1.]
 [-1. -1. -1. -1.  1. -1. -1. -1.]
 [ 1.  1.  1.  1.  1.  1.  1.  1.]
 [-1. -1. -1. -1. -1. -1. -1.  1.]
 [-1.  1.  1.  1.  1.  1. -1.  1.]
 [-1. -1. -1. -1. -1. -1. -1.  1.]]
E = 
0.0
y = 
[[ 1.  1.  1.  1.  1.  1.  1.  1.]
 [ 1.  1.  1. -1. -1. -1.  1.  1.]
 [ 1.  1. -1. -1.  1. -1.  1.  1.]
 [ 1. -1. -1.  1.  1.  1. -1.  1.]
 [ 1. -1.  1.  1.  1. -1. -1.  1.]
 [ 1. -1. -1.  1. -1. -1.  1.  1.]
 [ 1.  1.  1. -1. -1.  1.  1.  1.]
 [ 1.  1.  1.  1.  1.  1.  1.  1.]]
E = 
8.0
y = 
[[ 1.  1. -1. -1. -1. -1.  1.  1.]
 [-1. -1. -1.  1.  1. -1. -1.  1.]
 [-1.  1.  1.  1.  1.  1. -1. -1.]
 [-1.  1.  1.  1.  1.  1.  1. -1.]
 [-1. -1.  1.  1.  1. -1.  1. -1.]
 [ 1. -1. -1.  1.  1. -1.  1. -1.]
 [ 1.  1. -1. -1. -1.  1.  1. -1.]
 [ 1.  1.  1.  1. -1. -1. -1. -1.]]
E = 
8.0
y = 
[[-1. -1. -1. -1. -1. -1. -1. -1.]
 [-1.  1.  1.  1.  1.  1.  1. -1.]
 [-1.  1.  1.  1.  1. -1.  1. -1.]
 [-1.  1.  1.  1.  1.  1.  1. -1.]
 [-1.  1.  1.  1.  1. -1.  1. -1.]
 [-1.  1. -1.  1. -1.  1.  1. -1.]
 [-1.  1.  1.  1.  1.  1. -1. -1.]
 [-1. -1. -1. -1. -1. -1. -1.  1.]]
E = 
8.0
sai số: [8.0, 0.0, 8.0, 8.0, 8.0]. Tổng: 32.0
