1.000000000000000000e+00
-1.219999999999999973e+00
0.000000000000000000e+00
1.800000000000000044e+00
4.000000000000000000e+00
0.000000000000000000e+00
-1.000000000000000000e+00
1.000000000000000000e+00
1.000000000000000000e+00
1.000000000000000000e+00
2.000000000000000000e+00
1.300000000000000044e+00
-1.000000000000000000e+00
1.239999999999999991e+00
-1.000000000000000000e+00
-2.299999999999999822e+00
-1.000000000000000000e+00
-1.100000000000000089e+00
1.800000000000000044e+00
4.000000000000000000e+00
1.219999999999999973e+00
-1.000000000000000000e+00
8.000000000000000000e+00
1.000000000000000000e+00
1.000000000000000000e+00
1.000000000000000000e+00
1.300000000000000044e+00
1.300000000000000044e+00
-1.000000000000000000e+00
0.000000000000000000e+00
1.000000000000000000e+00
1.219999999999999973e+00
1.800000000000000044e+00
1.300000000000000044e+00
-1.000000000000000000e+00
1.820000000000000062e+00
1.000000000000000000e+00
-0.000000000000000000e+00
1.000000000000000000e+00
0.000000000000000000e+00
0.000000000000000000e+00
0.000000000000000000e+00
1.000000000000000000e+00
1.000000000000000000e+00
1.000000000000000000e+00
1.000000000000000000e+00
1.000000000000000000e+00
-1.219999999999999973e+00
-1.000000000000000000e+00
-1.219999999999999973e+00
0.000000000000000000e+00
1.399999999999999911e+00
-1.000000000000000000e+00
-8.300000000000000711e+00
1.000000000000000000e+00
1.899999999999999911e+00
0.000000000000000000e+00
1.300000000000000044e+00
0.000000000000000000e+00
0.000000000000000000e+00
-8.000000000000000444e-01
1.100000000000000089e+00
1.000000000000000000e+00
1.800000000000000044e+00
1.000000000000000000e+00
-0.000000000000000000e+00
1.899999999999999911e+00
-2.999999999999999889e-01
-0.000000000000000000e+00
-7.900000000000000355e+00
-1.000000000000000000e+00
1.000000000000000000e+00
0.000000000000000000e+00
-1.000000000000000000e+00
-1.000000000000000000e+00
0.000000000000000000e+00
0.000000000000000000e+00
-1.270000000000000018e+00
1.000000000000000000e+00
-1.300000000000000044e+00
1.000000000000000000e+00
0.000000000000000000e+00
-1.500000000000000000e+00
-1.100000000000000089e+00
-1.000000000000000000e+00
-2.200000000000000011e-01
0.000000000000000000e+00
-2.000000000000000000e+00
1.239999999999999991e+00
-2.000000000000000000e+00
1.239999999999999991e+00
-5.000000000000000000e-01
1.399999999999999911e+00
1.000000000000000000e+00
-1.219999999999999973e+00
-2.399999999999999911e-01
-5.000000000000000000e-01
-1.000000000000000000e+00
1.800000000000000044e+00
0.000000000000000000e+00
1.000000000000000000e+00
