y = 
[[ 1.  1.  1. -1.  1.  1. -1. -1.]
 [ 1.  1.  1. -1.  1.  1. -1. -1.]
 [ 1.  1. -1.  1. -1.  1.  1. -1.]
 [ 1.  1. -1.  1. -1.  1.  1.  1.]
 [ 1. -1.  1.  1.  1. -1.  1.  1.]
 [ 1. -1.  1.  1.  1. -1.  1.  1.]
 [-1.  1.  1.  1.  1.  1. -1.  1.]
 [-1. -1. -1. -1. -1. -1. -1.  1.]]
E = 
0.0
y = 
[[-1. -1. -1. -1.  1.  1.  1.  1.]
 [-1.  1.  1. -1.  1. -1. -1. -1.]
 [-1.  1.  1. -1.  1. -1.  1. -1.]
 [-1. -1. -1. -1.  1. -1. -1. -1.]
 [ 1.  1.  1.  1.  1.  1.  1.  1.]
 [-1. -1. -1. -1. -1. -1. -1.  1.]
 [-1.  1.  1.  1.  1.  1. -1.  1.]
 [-1. -1. -1. -1. -1. -1. -1.  1.]]
E = 
0.0
y = 
[[ 1.  1.  1.  1.  1. -1.  1.  1.]
 [ 1.  1.  1. -1. -1. -1.  1.  1.]
 [ 1.  1. -1.  1.  1. -1.  1.  1.]
 [ 1. -1.  1.  1.  1.  1. -1.  1.]
 [ 1. -1.  1.  1.  1.  1. -1.  1.]
 [ 1. -1. -1. -1.  1. -1. -1.  1.]
 [ 1.  1.  1. -1. -1.  1.  1.  1.]
 [ 1.  1.  1.  1.  1.  1.  1.  1.]]
E = 
6.0
y = 
[[ 1.  1. -1. -1. -1. -1.  1.  1.]
 [-1. -1. -1.  1.  1. -1. -1.  1.]
 [-1.  1.  1.  1.  1.  1.  1. -1.]
 [-1.  1.  1.  1.  1.  1.  1. -1.]
 [-1. -1.  1.  1.  1.  1.  1. -1.]
 [ 1. -1. -1.  1.  1.  1.  1. -1.]
 [ 1.  1. -1. -1. -1.  1.  1. -1.]
 [ 1.  1.  1.  1. -1. -1. -1. -1.]]
E = 
2.0
y = 
[[-1. -1. -1. -1. -1. -1. -1. -1.]
 [-1.  1.  1.  1.  1.  1.  1. -1.]
 [-1.  1.  1.  1.  1.  1.  1. -1.]
 [-1.  1.  1.  1.  1.  1.  1. -1.]
 [-1.  1.  1.  1.  1.  1.  1. -1.]
 [-1.  1.  1.  1.  1.  1.  1. -1.]
 [-1.  1.  1.  1.  1.  1.  1. -1.]
 [-1. -1. -1. -1. -1. -1. -1.  1.]]
E = 
2.0
sai số: [0.0, 0.0, 6.0, 2.0, 2.0]. Tổng: 10.0
