-5.600000000000000533e-01
4.000000000000000000e+00
-2.000000000000000000e+00
4.000000000000000000e+00
4.559999999999999609e+00
2.229999999999999982e+00
4.000000000000000000e+00
-1.300000000000000044e+00
-2.000000000000000000e+00
-1.229999999999999982e+00
-1.000000000000000000e+00
4.230000000000000426e+00
4.559999999999999609e+00
-1.229999999999999982e+00
-9.230000000000000426e+00
-2.300000000000000100e-01
-8.900000000000000133e-01
-7.889999999999999680e+00
-2.300000000000000100e-01
-8.900000000000000133e-01
-5.230000000000000426e+00
4.559999999999999609e+00
-2.300000000000000100e-01
-1.560000000000000053e+00
-1.229999999999999982e+00
-2.229999999999999982e+00
4.000000000000000000e+00
4.000000000000000000e+00
-1.000000000000000000e+00
4.559999999999999609e+00
4.000000000000000000e+00
4.000000000000000000e+00
-5.600000000000000533e-01
4.230000000000000426e+00
4.000000000000000000e+00
-1.229999999999999982e+00
4.230000000000000426e+00
-8.900000000000000133e-01
4.889999999999999680e+00
-1.229999999999999982e+00
4.559999999999999609e+00
4.559999999999999609e+00
4.559999999999999609e+00
4.230000000000000426e+00
-8.900000000000000133e-01
4.000000000000000000e+00
4.000000000000000000e+00
4.230000000000000426e+00
-1.229999999999999982e+00
-1.000000000000000000e+00
-3.229999999999999982e+00
-2.560000000000000053e+00
-1.889999999999999902e+00
-8.560000000000000497e+00
0.000000000000000000e+00
4.000000000000000000e+00
4.000000000000000000e+00
4.000000000000000000e+00
4.559999999999999609e+00
-2.300000000000000100e-01
4.000000000000000000e+00
4.230000000000000426e+00
4.230000000000000426e+00
-1.000000000000000000e+00
4.230000000000000426e+00
-5.600000000000000533e-01
-2.890000000000000124e+00
-4.559999999999999609e+00
-5.600000000000000533e-01
-2.560000000000000053e+00
-5.600000000000000533e-01
0.000000000000000000e+00
-7.889999999999999680e+00
4.000000000000000000e+00
-1.229999999999999982e+00
-1.229999999999999982e+00
0.000000000000000000e+00
4.889999999999999680e+00
-8.890000000000000568e+00
-1.560000000000000053e+00
-1.560000000000000053e+00
4.559999999999999609e+00
4.000000000000000000e+00
0.000000000000000000e+00
-1.229999999999999982e+00
-1.229999999999999982e+00
4.559999999999999609e+00
-9.000000000000000000e+00
4.000000000000000000e+00
0.000000000000000000e+00
-2.000000000000000000e+00
4.889999999999999680e+00
4.889999999999999680e+00
4.230000000000000426e+00
4.559999999999999609e+00
4.000000000000000000e+00
4.559999999999999609e+00
-3.000000000000000000e+00
4.230000000000000426e+00
4.000000000000000000e+00
0.000000000000000000e+00
